IFE UPSCALE 25MW (CentralTower) on a floating semi-submersible — blade section properties
53         n_secs:     number of stations at which properties are specified (-)

sec_loc  str_tw  tw_iner   mass_den  flp_iner  edge_iner  flp_stff   edge_stff   tor_stff   axial_stff  cg_offst  sc_offst tc_offst
(-)      (deg)   (deg)     (kg/m)    (kg-m)    (kg-m)     (Nm^2)     (Nm^2)      (Nm^2)     (N)         (m)       (m)      (m)
0.000000   15.5900   15.5900  3.3670e+03  5.387e-02  5.387e-02  2.7380e+11  2.7010e+11  2.7380e+13  2.7380e+17  0.0       0.0      0.0
0.020000   15.5900   15.5900  3.3780e+03  5.405e-02  5.405e-02  2.8090e+11  2.7200e+11  2.8090e+13  2.8090e+17  0.0       0.0      0.0
0.040000   15.4300   15.4300  3.3670e+03  5.387e-02  5.387e-02  2.6860e+11  2.7630e+11  2.7630e+13  2.7630e+17  0.0       0.0      0.0
0.060000   14.9900   14.9900  3.3400e+03  5.344e-02  5.344e-02  2.2550e+11  2.6490e+11  2.6490e+13  2.6490e+17  0.0       0.0      0.0
0.080000   14.3200   14.3200  3.0440e+03  4.870e-02  4.870e-02  1.7860e+11  2.3540e+11  2.3540e+13  2.3540e+17  0.0       0.0      0.0
0.100000   13.4900   13.4900  2.9150e+03  4.664e-02  4.664e-02  1.5090e+11  2.0110e+11  2.0110e+13  2.0110e+17  0.0       0.0      0.0
0.125020   12.2900   12.2900  2.1740e+03  3.478e-02  3.478e-02  1.1660e+11  1.4490e+11  1.4490e+13  1.4490e+17  0.0       0.0      0.0
0.150030   11.0200   11.0200  1.8220e+03  2.915e-02  2.915e-02  1.0590e+11  1.2380e+11  1.2380e+13  1.2380e+17  0.0       0.0      0.0
0.169030   10.0700   10.0700  1.6320e+03  2.611e-02  2.611e-02  1.0070e+11  1.1770e+11  1.1770e+13  1.1770e+17  0.0       0.0      0.0
0.188090    9.1900    9.1900  1.3930e+03  2.229e-02  2.229e-02  8.5780e+10  1.0420e+11  1.0420e+13  1.0420e+17  0.0       0.0      0.0
0.207090    8.4300    8.4300  1.2600e+03  2.016e-02  2.016e-02  7.3060e+10  1.0540e+11  1.0540e+13  1.0540e+17  0.0       0.0      0.0
0.226150    7.7800    7.7800  1.1030e+03  1.765e-02  1.765e-02  6.2550e+10  1.1560e+11  1.1560e+13  1.1560e+17  0.0       0.0      0.0
0.245150    7.1800    7.1800  1.0250e+03  1.640e-02  1.640e-02  5.5810e+10  1.1470e+11  1.1470e+13  1.1470e+17  0.0       0.0      0.0
0.266090    6.5300    6.5300  9.3310e+02  1.493e-02  1.493e-02  4.7290e+10  1.1190e+11  1.1190e+13  1.1190e+17  0.0       0.0      0.0
0.287020    5.8900    5.8900  8.5310e+02  1.365e-02  1.365e-02  4.2590e+10  1.1300e+11  1.1300e+13  1.1300e+17  0.0       0.0      0.0
0.307890    5.2900    5.2900  8.3660e+02  1.339e-02  1.339e-02  3.9200e+10  1.0590e+11  1.0590e+13  1.0590e+17  0.0       0.0      0.0
0.328830    4.7300    4.7300  8.2080e+02  1.313e-02  1.313e-02  3.5670e+10  9.9950e+10  9.9950e+12  9.9950e+16  0.0       0.0      0.0
0.350900    4.2000    4.2000  7.4800e+02  1.197e-02  1.197e-02  3.1740e+10  8.9280e+10  8.9280e+12  8.9280e+16  0.0       0.0      0.0
0.372980    3.7300    3.7300  7.3460e+02  1.175e-02  1.175e-02  2.8730e+10  8.4490e+10  8.4490e+12  8.4490e+16  0.0       0.0      0.0
0.395050    3.3100    3.3100  7.1890e+02  1.150e-02  1.150e-02  2.6170e+10  7.5680e+10  7.5680e+12  7.5680e+16  0.0       0.0      0.0
0.417120    2.9200    2.9200  6.9890e+02  1.118e-02  1.118e-02  2.3730e+10  6.2080e+10  6.2080e+12  6.2080e+16  0.0       0.0      0.0
0.439200    2.5600    2.5600  6.8630e+02  1.098e-02  1.098e-02  2.2000e+10  5.6200e+10  5.6200e+12  5.6200e+16  0.0       0.0      0.0
0.458860    2.2600    2.2600  6.7020e+02  1.072e-02  1.072e-02  1.9410e+10  4.8420e+10  4.8420e+12  4.8420e+16  0.0       0.0      0.0
0.478600    1.9800    1.9800  6.5660e+02  1.051e-02  1.051e-02  1.7520e+10  4.1510e+10  4.1510e+12  4.1510e+16  0.0       0.0      0.0
0.498260    1.7100    1.7100  6.4250e+02  1.028e-02  1.028e-02  1.5770e+10  3.5000e+10  3.5000e+12  3.5000e+16  0.0       0.0      0.0
0.517990    1.4600    1.4600  6.3380e+02  1.014e-02  1.014e-02  1.4180e+10  3.3290e+10  3.3290e+12  3.3290e+16  0.0       0.0      0.0
0.537660    1.2200    1.2200  6.2320e+02  9.971e-03  9.971e-03  1.2760e+10  2.8010e+10  2.8010e+12  2.8010e+16  0.0       0.0      0.0
0.557790    0.9900    0.9900  6.1370e+02  9.819e-03  9.819e-03  1.1470e+10  2.5280e+10  2.5280e+12  2.5280e+16  0.0       0.0      0.0
0.577860    0.7800    0.7800  5.8910e+02  9.426e-03  9.426e-03  9.9410e+09  2.2600e+10  2.2600e+12  2.2600e+16  0.0       0.0      0.0
0.597990    0.5800    0.5800  5.6600e+02  9.056e-03  9.056e-03  8.5960e+09  2.1310e+10  2.1310e+12  2.1310e+16  0.0       0.0      0.0
0.618130    0.3800    0.3800  5.4040e+02  8.646e-03  8.646e-03  7.3720e+09  2.0050e+10  2.0050e+12  2.0050e+16  0.0       0.0      0.0
0.638190    0.1900    0.1900  5.1690e+02  8.270e-03  8.270e-03  6.5430e+09  1.8890e+10  1.8890e+12  1.8890e+16  0.0       0.0      0.0
0.657260    0.0000    0.0000  4.9380e+02  7.901e-03  7.901e-03  5.5090e+09  1.7730e+10  1.7730e+12  1.7730e+16  0.0       0.0      0.0
0.676390   -0.2000   -0.2000  4.7090e+02  7.534e-03  7.534e-03  4.7530e+09  1.6630e+10  1.6630e+12  1.6630e+16  0.0       0.0      0.0
0.695450   -0.4300   -0.4300  4.4420e+02  7.107e-03  7.107e-03  4.0760e+09  1.5500e+10  1.5500e+12  1.5500e+16  0.0       0.0      0.0
0.714520   -0.6800   -0.6800  4.1820e+02  6.691e-03  6.691e-03  3.4820e+09  1.4450e+10  1.4450e+12  1.4450e+16  0.0       0.0      0.0
0.733580   -0.9800   -0.9800  3.9300e+02  6.288e-03  6.288e-03  2.9630e+09  1.3440e+10  1.3440e+12  1.3440e+16  0.0       0.0      0.0
0.752640   -1.2800   -1.2800  3.6830e+02  5.893e-03  5.893e-03  2.5040e+09  1.2470e+10  1.2470e+12  1.2470e+16  0.0       0.0      0.0
0.771770   -1.5800   -1.5800  3.4450e+02  5.512e-03  5.512e-03  2.1640e+09  1.1550e+10  1.1550e+12  1.1550e+16  0.0       0.0      0.0
0.800000   -1.9400   -1.9400  3.1010e+02  4.962e-03  4.962e-03  1.7460e+09  9.7770e+09  9.7770e+11  9.7770e+15  0.0       0.0      0.0
0.818730   -2.1100   -2.1100  2.8670e+02  4.587e-03  4.587e-03  1.4850e+09  8.6530e+09  8.6530e+11  8.6530e+15  0.0       0.0      0.0
0.837530   -2.1700   -2.1700  2.6330e+02  4.213e-03  4.213e-03  1.2430e+09  7.5820e+09  7.5820e+11  7.5820e+15  0.0       0.0      0.0
0.856250   -2.1800   -2.1800  2.4010e+02  3.842e-03  3.842e-03  1.0230e+09  6.5760e+09  6.5760e+11  6.5760e+15  0.0       0.0      0.0
0.874980   -2.1600   -2.1600  2.1700e+02  3.472e-03  3.472e-03  8.2380e+08  5.6330e+09  5.6330e+11  5.6330e+15  0.0       0.0      0.0
0.893780   -2.1200   -2.1200  1.9410e+02  3.106e-03  3.106e-03  6.4730e+08  4.7610e+09  4.7610e+11  4.7610e+15  0.0       0.0      0.0
0.912510   -2.0500   -2.0500  1.8700e+02  2.992e-03  2.992e-03  5.3850e+08  4.8000e+09  4.8000e+11  4.8000e+15  0.0       0.0      0.0
0.931240   -1.9500   -1.9500  1.6830e+02  2.693e-03  2.693e-03  4.1080e+08  4.0760e+09  4.0760e+11  4.0760e+15  0.0       0.0      0.0
0.950030   -1.8200   -1.8200  1.5210e+02  2.434e-03  2.434e-03  2.9450e+08  4.4170e+09  4.4170e+11  4.4170e+15  0.0       0.0      0.0
0.974980   -1.5700   -1.5700  1.2100e+02  1.936e-03  1.936e-03  1.5320e+08  3.3180e+09  3.3180e+11  3.3180e+15  0.0       0.0      0.0
0.987160   -1.4200   -1.4200  9.6920e+01  1.551e-03  1.551e-03  9.3910e+07  2.3210e+09  2.3210e+11  2.3210e+15  0.0       0.0      0.0
0.993580   -1.3300   -1.3300  7.6310e+01  1.221e-03  1.221e-03  4.8400e+07  1.3190e+09  1.3190e+11  1.3190e+15  0.0       0.0      0.0
0.997860   -1.2700   -1.2700  4.8520e+01  7.763e-04  7.763e-04  1.2480e+07  3.5490e+08  3.5490e+10  3.5490e+14  0.0       0.0      0.0
1.000000   -1.2400   -1.2400  2.2000e+01  3.520e-04  3.520e-04  1.0420e+06  3.2820e+07  3.2820e+09  3.2820e+13  0.0       0.0      0.0
