IEA-22-280-RWT on the IEA Wind Task 55 semi-submersible — blade section properties
59         n_secs:     number of stations at which properties are specified (-)

sec_loc  str_tw  tw_iner   mass_den  flp_iner  edge_iner  flp_stff   edge_stff   tor_stff   axial_stff  cg_offst  sc_offst tc_offst
(-)      (deg)   (deg)     (kg/m)    (kg-m)    (kg-m)     (Nm^2)     (Nm^2)      (Nm^2)     (N)         (m)       (m)      (m)
0.000000   12.0000   12.0000  3.6856e+03  5.897e-02  5.897e-02  2.1673e+11  2.1674e+11  2.1674e+13  2.1674e+17  0.0       0.0      0.0
0.017241   11.9993   11.9993  3.6859e+03  5.898e-02  5.898e-02  2.1673e+11  2.1680e+11  2.1680e+13  2.1680e+17  0.0       0.0      0.0
0.034483   11.9945   11.9945  2.5699e+03  4.112e-02  4.112e-02  1.4994e+11  1.4758e+11  1.4994e+13  1.4994e+17  0.0       0.0      0.0
0.051724   11.9826   11.9826  1.4860e+03  2.378e-02  2.378e-02  1.2929e+11  9.1857e+10  1.2929e+13  1.2929e+17  0.0       0.0      0.0
0.068966   11.9550   11.9550  1.2444e+03  1.991e-02  1.991e-02  1.0636e+11  9.0262e+10  1.0636e+13  1.0636e+17  0.0       0.0      0.0
0.086207   11.9066   11.9066  1.0936e+03  1.750e-02  1.750e-02  9.4151e+10  9.5438e+10  9.5438e+12  9.5438e+16  0.0       0.0      0.0
0.103448   11.8239   11.8239  9.6612e+02  1.546e-02  1.546e-02  8.2038e+10  8.9329e+10  8.9329e+12  8.9329e+16  0.0       0.0      0.0
0.120690   11.6921   11.6921  8.7485e+02  1.400e-02  1.400e-02  7.2662e+10  8.2234e+10  8.2234e+12  8.2234e+16  0.0       0.0      0.0
0.137931   11.4909   11.4909  8.3947e+02  1.343e-02  1.343e-02  6.0965e+10  8.0883e+10  8.0883e+12  8.0883e+16  0.0       0.0      0.0
0.155172   11.1815   11.1815  8.0919e+02  1.295e-02  1.295e-02  5.2752e+10  7.6861e+10  7.6861e+12  7.6861e+16  0.0       0.0      0.0
0.172414   10.7072   10.7072  7.8389e+02  1.254e-02  1.254e-02  4.5861e+10  7.1574e+10  7.1574e+12  7.1574e+16  0.0       0.0      0.0
0.189655    9.9536    9.9536  7.6696e+02  1.227e-02  1.227e-02  4.1950e+10  6.8470e+10  6.8470e+12  6.8470e+16  0.0       0.0      0.0
0.206897    8.8597    8.8597  7.5536e+02  1.209e-02  1.209e-02  3.7790e+10  6.6157e+10  6.6157e+12  6.6157e+16  0.0       0.0      0.0
0.224138    7.9556    7.9556  7.4104e+02  1.186e-02  1.186e-02  3.3811e+10  6.3713e+10  6.3713e+12  6.3713e+16  0.0       0.0      0.0
0.241379    7.2273    7.2273  7.2812e+02  1.165e-02  1.165e-02  3.1700e+10  6.1243e+10  6.1243e+12  6.1243e+16  0.0       0.0      0.0
0.258621    6.6549    6.6549  7.1351e+02  1.142e-02  1.142e-02  2.9579e+10  5.8385e+10  5.8385e+12  5.8385e+16  0.0       0.0      0.0
0.275862    6.1571    6.1571  6.9855e+02  1.118e-02  1.118e-02  2.7545e+10  5.5401e+10  5.5401e+12  5.5401e+16  0.0       0.0      0.0
0.293103    5.7108    5.7108  6.8673e+02  1.099e-02  1.099e-02  2.5614e+10  5.3968e+10  5.3968e+12  5.3968e+16  0.0       0.0      0.0
0.310345    5.2989    5.2989  6.7035e+02  1.073e-02  1.073e-02  2.3748e+10  5.0520e+10  5.0520e+12  5.0520e+16  0.0       0.0      0.0
0.327586    4.9071    4.9071  6.5393e+02  1.046e-02  1.046e-02  2.1951e+10  4.7078e+10  4.7078e+12  4.7078e+16  0.0       0.0      0.0
0.344828    4.5291    4.5291  6.3771e+02  1.020e-02  1.020e-02  2.0203e+10  4.3782e+10  4.3782e+12  4.3782e+16  0.0       0.0      0.0
0.362069    4.1586    4.1586  6.2052e+02  9.928e-03  9.928e-03  1.8482e+10  4.0417e+10  4.0417e+12  4.0417e+16  0.0       0.0      0.0
0.379310    3.7911    3.7911  6.0298e+02  9.648e-03  9.648e-03  1.6808e+10  3.7159e+10  3.7159e+12  3.7159e+16  0.0       0.0      0.0
0.396552    3.4242    3.4242  5.8509e+02  9.361e-03  9.361e-03  1.5202e+10  3.4047e+10  3.4047e+12  3.4047e+16  0.0       0.0      0.0
0.413793    3.0558    3.0558  5.6683e+02  9.069e-03  9.069e-03  1.3666e+10  3.1100e+10  3.1100e+12  3.1100e+16  0.0       0.0      0.0
0.431034    2.6843    2.6843  5.4793e+02  8.767e-03  8.767e-03  1.2191e+10  2.8226e+10  2.8226e+12  2.8226e+16  0.0       0.0      0.0
0.448276    2.3091    2.3091  5.2873e+02  8.460e-03  8.460e-03  1.0804e+10  2.5505e+10  2.5505e+12  2.5505e+16  0.0       0.0      0.0
0.465517    1.9298    1.9298  5.0937e+02  8.150e-03  8.150e-03  9.5332e+09  2.2955e+10  2.2955e+12  2.2955e+16  0.0       0.0      0.0
0.482759    1.5462    1.5462  4.9003e+02  7.840e-03  7.840e-03  8.3915e+09  2.0590e+10  2.0590e+12  2.0590e+16  0.0       0.0      0.0
0.500000    1.1585    1.1585  4.7078e+02  7.533e-03  7.533e-03  7.3740e+09  1.8415e+10  1.8415e+12  1.8415e+16  0.0       0.0      0.0
0.517241    0.7672    0.7672  4.4614e+02  7.138e-03  7.138e-03  6.4674e+09  1.6348e+10  1.6348e+12  1.6348e+16  0.0       0.0      0.0
0.534483    0.3729    0.3729  4.2806e+02  6.849e-03  6.849e-03  5.6550e+09  1.4541e+10  1.4541e+12  1.4541e+16  0.0       0.0      0.0
0.551724   -0.0238   -0.0238  4.0795e+02  6.527e-03  6.527e-03  4.9152e+09  1.2472e+10  1.2472e+12  1.2472e+16  0.0       0.0      0.0
0.568966   -0.4218   -0.4218  3.9037e+02  6.246e-03  6.246e-03  4.2546e+09  1.1067e+10  1.1067e+12  1.1067e+16  0.0       0.0      0.0
0.586207   -0.8201   -0.8201  3.7318e+02  5.971e-03  5.971e-03  3.6788e+09  9.8129e+09  9.8129e+11  9.8129e+15  0.0       0.0      0.0
0.603448   -1.2180   -1.2180  3.5669e+02  5.707e-03  5.707e-03  3.1846e+09  8.7158e+09  8.7158e+11  8.7158e+15  0.0       0.0      0.0
0.620690   -1.6137   -1.6137  3.4098e+02  5.456e-03  5.456e-03  2.7632e+09  7.7671e+09  7.7671e+11  7.7671e+15  0.0       0.0      0.0
0.637931   -2.0066   -2.0066  3.2590e+02  5.214e-03  5.214e-03  2.4035e+09  6.9394e+09  6.9394e+11  6.9394e+15  0.0       0.0      0.0
0.655172   -2.3950   -2.3950  3.1095e+02  4.975e-03  4.975e-03  2.0952e+09  6.1874e+09  6.1874e+11  6.1874e+15  0.0       0.0      0.0
0.672414   -2.7776   -2.7776  2.9617e+02  4.739e-03  4.739e-03  1.8304e+09  5.5083e+09  5.5083e+11  5.5083e+15  0.0       0.0      0.0
0.689655   -3.1533   -3.1533  2.8152e+02  4.504e-03  4.504e-03  1.6012e+09  4.8943e+09  4.8943e+11  4.8943e+15  0.0       0.0      0.0
0.706897   -3.5201   -3.5201  2.6693e+02  4.271e-03  4.271e-03  1.4018e+09  4.3372e+09  4.3372e+11  4.3372e+15  0.0       0.0      0.0
0.724138   -3.8773   -3.8773  2.5223e+02  4.036e-03  4.036e-03  1.2265e+09  3.8255e+09  3.8255e+11  3.8255e+15  0.0       0.0      0.0
0.741379   -4.2232   -4.2232  2.3750e+02  3.800e-03  3.800e-03  1.0717e+09  3.3594e+09  3.3594e+11  3.3594e+15  0.0       0.0      0.0
0.758621   -4.5562   -4.5562  2.2282e+02  3.565e-03  3.565e-03  9.3397e+08  2.9384e+09  2.9384e+11  2.9384e+15  0.0       0.0      0.0
0.775862   -4.8759   -4.8759  2.0826e+02  3.332e-03  3.332e-03  8.1053e+08  2.5606e+09  2.5606e+11  2.5606e+15  0.0       0.0      0.0
0.793103   -5.1801   -5.1801  1.9387e+02  3.102e-03  3.102e-03  6.9866e+08  2.2245e+09  2.2245e+11  2.2245e+15  0.0       0.0      0.0
0.810345   -5.4681   -5.4681  1.7970e+02  2.875e-03  2.875e-03  5.9697e+08  1.9258e+09  1.9258e+11  1.9258e+15  0.0       0.0      0.0
0.827586   -5.7390   -5.7390  1.6573e+02  2.652e-03  2.652e-03  5.0342e+08  1.6608e+09  1.6608e+11  1.6608e+15  0.0       0.0      0.0
0.844828   -5.9893   -5.9893  1.5232e+02  2.437e-03  2.437e-03  4.1953e+08  1.4256e+09  1.4256e+11  1.4256e+15  0.0       0.0      0.0
0.862069   -6.2177   -6.2177  1.3949e+02  2.232e-03  2.232e-03  3.4424e+08  1.2170e+09  1.2170e+11  1.2170e+15  0.0       0.0      0.0
0.879310   -6.4195   -6.4195  1.2661e+02  2.026e-03  2.026e-03  2.7465e+08  1.0274e+09  1.0274e+11  1.0274e+15  0.0       0.0      0.0
0.896552   -6.5705   -6.5705  1.1329e+02  1.813e-03  1.813e-03  2.0954e+08  8.5139e+08  8.5139e+10  8.5139e+14  0.0       0.0      0.0
0.913793   -6.6700   -6.6700  9.8567e+01  1.577e-03  1.577e-03  1.4873e+08  6.8098e+08  6.8098e+10  6.8098e+14  0.0       0.0      0.0
0.931034   -6.6670   -6.6670  8.1635e+01  1.306e-03  1.306e-03  9.4995e+07  5.1113e+08  5.1113e+10  5.1113e+14  0.0       0.0      0.0
0.948276   -6.5522   -6.5522  6.3430e+01  1.015e-03  1.015e-03  5.5223e+07  3.5290e+08  3.5290e+10  3.5290e+14  0.0       0.0      0.0
0.965517   -6.3011   -6.3011  4.4287e+01  7.086e-04  7.086e-04  3.3152e+07  1.8527e+08  1.8527e+10  1.8527e+14  0.0       0.0      0.0
0.982759   -5.8783   -5.8783  1.6721e+01  2.675e-04  2.675e-04  1.6663e+06  2.7929e+07  2.7929e+09  2.7929e+13  0.0       0.0      0.0
1.000000   -4.9526   -4.9526  3.7669e+00  6.027e-05  6.027e-05  3.8565e+04  6.7559e+05  6.7559e+07  6.7559e+11  0.0       0.0      0.0
